# Expected probability matrix:
       A      R      N      D      B      C      E      Q      Z      G      H      I      L      K      M      F      P      S      T      W      Y      V
A 0.0421 0.0102 0.0048 0.0318 0.0000 0.0013 0.0546 0.0202 0.0000 0.0554 0.0037 0.0026 0.0099 0.0206 0.0013 0.0025 0.0332 0.0496 0.0108 0.0005 0.0029 0.0103
R 0.0102 0.0006 0.0006 0.0038 0.0000 0.0002 0.0066 0.0024 0.0000 0.0067 0.0004 0.0003 0.0012 0.0025 0.0002 0.0003 0.0040 0.0060 0.0013 0.0001 0.0004 0.0012
N 0.0048 0.0006 0.0001 0.0018 0.0000 0.0001 0.0031 0.0012 0.0000 0.0032 0.0002 0.0001 0.0006 0.0012 0.0001 0.0001 0.0019 0.0028 0.0006 0.0000 0.0002 0.0006
D 0.0318 0.0038 0.0018 0.0060 0.0000 0.0005 0.0207 0.0076 0.0000 0.0210 0.0014 0.0010 0.0037 0.0078 0.0005 0.0009 0.0125 0.0187 0.0041 0.0002 0.0011 0.0039
B 0.0000 0.0000 0.0000 0.0000 0.0000 0.0000 0.0000 0.0000 0.0000 0.0000 0.0000 0.0000 0.0000 0.0000 0.0000 0.0000 0.0000 0.0000 0.0000 0.0000 0.0000 0.0000
C 0.0013 0.0002 0.0001 0.0005 0.0000 0.0000 0.0008 0.0003 0.0000 0.0008 0.0001 0.0000 0.0001 0.0003 0.0000 0.0000 0.0005 0.0007 0.0002 0.0000 0.0000 0.0002
E 0.0546 0.0066 0.0031 0.0207 0.0000 0.0008 0.0177 0.0131 0.0000 0.0360 0.0024 0.0017 0.0064 0.0134 0.0009 0.0016 0.0216 0.0322 0.0070 0.0003 0.0019 0.0067
Q 0.0202 0.0024 0.0012 0.0076 0.0000 0.0003 0.0131 0.0024 0.0000 0.0133 0.0009 0.0006 0.0024 0.0049 0.0003 0.0006 0.0080 0.0119 0.0026 0.0001 0.0007 0.0025
Z 0.0000 0.0000 0.0000 0.0000 0.0000 0.0000 0.0000 0.0000 0.0000 0.0000 0.0000 0.0000 0.0000 0.0000 0.0000 0.0000 0.0000 0.0000 0.0000 0.0000 0.0000 0.0000
G 0.0554 0.0067 0.0032 0.0210 0.0000 0.0008 0.0360 0.0133 0.0000 0.0183 0.0024 0.0017 0.0065 0.0136 0.0009 0.0016 0.0219 0.0327 0.0071 0.0003 0.0019 0.0068
H 0.0037 0.0004 0.0002 0.0014 0.0000 0.0001 0.0024 0.0009 0.0000 0.0024 0.0001 0.0001 0.0004 0.0009 0.0001 0.0001 0.0014 0.0022 0.0005 0.0000 0.0001 0.0004
I 0.0026 0.0003 0.0001 0.0010 0.0000 0.0000 0.0017 0.0006 0.0000 0.0017 0.0001 0.0000 0.0003 0.0006 0.0000 0.0001 0.0010 0.0015 0.0003 0.0000 0.0001 0.0003
L 0.0099 0.0012 0.0006 0.0037 0.0000 0.0001 0.0064 0.0024 0.0000 0.0065 0.0004 0.0003 0.0006 0.0024 0.0002 0.0003 0.0039 0.0058 0.0013 0.0001 0.0003 0.0012
K 0.0206 0.0025 0.0012 0.0078 0.0000 0.0003 0.0134 0.0049 0.0000 0.0136 0.0009 0.0006 0.0024 0.0025 0.0003 0.0006 0.0081 0.0121 0.0026 0.0001 0.0007 0.0025
M 0.0013 0.0002 0.0001 0.0005 0.0000 0.0000 0.0009 0.0003 0.0000 0.0009 0.0001 0.0000 0.0002 0.0003 0.0000 0.0000 0.0005 0.0008 0.0002 0.0000 0.0000 0.0002
F 0.0025 0.0003 0.0001 0.0009 0.0000 0.0000 0.0016 0.0006 0.0000 0.0016 0.0001 0.0001 0.0003 0.0006 0.0000 0.0000 0.0010 0.0015 0.0003 0.0000 0.0001 0.0003
P 0.0332 0.0040 0.0019 0.0125 0.0000 0.0005 0.0216 0.0080 0.0000 0.0219 0.0014 0.0010 0.0039 0.0081 0.0005 0.0010 0.0065 0.0196 0.0043 0.0002 0.0011 0.0040
S 0.0496 0.0060 0.0028 0.0187 0.0000 0.0007 0.0322 0.0119 0.0000 0.0327 0.0022 0.0015 0.0058 0.0121 0.0008 0.0015 0.0196 0.0146 0.0064 0.0003 0.0017 0.0060
T 0.0108 0.0013 0.0006 0.0041 0.0000 0.0002 0.0070 0.0026 0.0000 0.0071 0.0005 0.0003 0.0013 0.0026 0.0002 0.0003 0.0043 0.0064 0.0007 0.0001 0.0004 0.0013
W 0.0005 0.0001 0.0000 0.0002 0.0000 0.0000 0.0003 0.0001 0.0000 0.0003 0.0000 0.0000 0.0001 0.0001 0.0000 0.0000 0.0002 0.0003 0.0001 0.0000 0.0000 0.0001
Y 0.0029 0.0004 0.0002 0.0011 0.0000 0.0000 0.0019 0.0007 0.0000 0.0019 0.0001 0.0001 0.0003 0.0007 0.0000 0.0001 0.0011 0.0017 0.0004 0.0000 0.0001 0.0004
V 0.0103 0.0012 0.0006 0.0039 0.0000 0.0002 0.0067 0.0025 0.0000 0.0068 0.0004 0.0003 0.0012 0.0025 0.0002 0.0003 0.0040 0.0060 0.0013 0.0001 0.0004 0.0006
